test 1
3
Cristi
6 10
Mihai
8 8
Andrei
12 14
8 7 9 12 10
1

test 3
5
Cristi
7 7
Mihai
8 10
George
2 3
Matei
14 12
Ana
13 10
7 8 10 2 3
3

    7 7 7 8 10 2 3   ->   2 3 7 7 7 8 10   ->  7 7 7 8 10

    8 10 7 8 10 2 3  ->   2 3 7 8 8 10 10  ->  7 8 8 10 10

    2 3 7 8 10 2 3   ->   2 2 3 3 7 8 10   ->  2 2 3 3 10

    14 12 7 8 10 2 3 ->   2 3 7 8 10 12 14 ->  7 8 10 12 14

    13 10 7 8 10 2 3 ->   2 3 7 8 10 10 13 ->  7 8 10 10 13

test 4
6
Cristi
7 7
Mihai
8 10
George
2 3
Matei
14 12
Ana
13 10
Maria
4 5
7 8 10 2 3
4

Cristi